7156
7411
6842
3835
4790
9513
930
7557
2084
4195
4227
6909
2797
5761
8934
5523
8120
6452
422
5875
5653
2019
2906
1658
7956
8673
2659
7214
8304
6392
2077
7182
9075
7610
2094
1865
2549
9631
8859
3018
3670
7758
6280
3
4479
3482
9585
4208
7930
1537
8948
7933
9156
5560
5932
6155
8207
7822
783
2273
6264
939
4282
5038
9922
7451
1762
765
2418
1241
2311
97
311
6186
1394
2794
6862
8778
8602
1993
1904
2608
7989
6569
4842
9774
784
9341
9014
6977
2392
4675
8541
4985
9728
7737
3463
2288
795
27
2297
3151
4938
4046
9431
2164
2781
5424
6062
1370
7746
6190
4640
1215
1598
2581
9538
9369
7243
3951
5020
9218
1232
4836
5381
5026
9072
8691
9034
7874
3381
6524
371
7429
7823
8752
7551
1077
4528
8945
5783
1703
1946
4918
6334
9153
7928
7517
522
845
695
6498
9900
6009
3208
7493
8865
6621
4917
6206
5093
9073
2407
6573
6850
8126
4545
4973
1209
9406
2549
4362
1492
95
5217
3341
2638
6893
7749
3310
8152
5265
7976
5155
4059
7707
8319
3924
7041
3123
8940
2939
899
3169
7899
7916
4237
4815
7736
3092
1541
4957
7325
2993
4037
2111
5668
1542
3534
5460
3631
8473
161
9899
6199
8944
4878
5153
940
7620
510
8522
9136
7887
830
7304
932
7733
9619
471
3241
1628
4531
5857
6253
6369
6404
9290
7331
3885
2004
2373
5877
9118
67
7754
2669
875
7493
9228
3280
3066
7563
2867
9123
5118
6213
9807
3795
7317
2427
9152
9365
9811
8082
343
4334
4831
950
8789
8072
8636
1208
3430
1461
5203
2288
6052
5877
5083
4401
7308
2809
8106
208
6701
6246
4099
4564
2745
8346
6761
5594
609
9476
3278
7946
9662
493
1175
2872
468
4113
9407
3960
5260
7354
5042
1536
9923
3553
5628
2299
3015
4684
9418
2179
3986
9541
4472
2940
8577
5066
2779
9517
6987
241
3843
2085
5800
158
7580
4615
1853
8476
5785
2924
4690
1855
5976
377
2675
5655
34
2610
4849
2121
6834
310
7762
2923
9807
408
2266
9586
2173
7452
105
6259
2965
4015
2571
7106
4988
515
3065
5372
2490
1873
1317
7211
6774
4356
5204
308
3861
282
1522
7083
1467
7149
7732
6587
5031
1643
6328
6532
8989
9152
4839
7514
1951
4323
5066
8367
2102
4896
585
7504
7834
5616
332
7989
882
4954
3174
1235
1749
3103
6042
9115
830
6646
5409
9779
1290
8672
9390
255
9143
8416
9310
7313
3773
2993
9881
8446
9146
9191
73
2336
5713
1540
6794
1099
2937
7321
6603
8514
81
2395
3357
922
3881
6682
911
3679
2867
8723
2285
3524
4167
7480
7923
9496
4689
1758
8277
2534
2179
3420
9831
6468
6229
350
9154
120
9141
7363
5199
7309
9043
3866
9083
7447
4125
7566
3346
6290
770
9102
3448
9657
215
2659
1836
7479
8331
2160
8486
9326
9431
2707
826
6443
1816
8407
3142
9665
2779
2470
1606
7471
9212
9485
2428
2529
9766
2672
8164
3592
8047
9225
131
5633
3873
887
4495
6188
992
639
506
8240
8839
378
1806
8089
3424
4752
1822
4212
5045
2850
931
4927
8899
5944
2110
7509
8600
9537
1738
4851
8386
6501
9958
3899
561
5826
3552
7716
1763
3207
6854
3787
8638
6671
5995
3763
628
2561
7459
6057
8145
1005
9498
3147
7817
7227
5495
5445
1852
8206
996
743
9839
4679
5279
1605
7214
4323
6012
6123
2092
807
2573
3236
8939
5133
8545
4414
2235
6078
7394
490
5581
569
3874
443
84
2541
9205
7168
7165
652
9536
4134
580
3857
3241
8849
5550
7842
1255
9990
375
3168
8139
3709
6660
3862
5044
675
2799
5774
8264
9218
6570
8786
6784
1719
3997
4285
518
7137
4568
7917
3717
1811
8794
3058
6612
1250
3394
4902
1268
5089
187
9782
323
2453
3515
7262
2506
7622
9382
2440
8040
9852
8932
2531
9810
4369
1528
2572
6287
4280
8636
752
1383
7761
7524
7871
7153
2778
5602
2611
1275
2664
3824
7710
2271
5574
8306
4281
4152
1767
9585
2433
1375
9398
6839
8786
7834
7262
6401
2028
8879
694
2750
6479
6490
7533
6325
6103
1401
3998
5158
6823
5217
390
8915
483
3958
7393
7154
6497
7844
5198
8348
7454
9395
7734
2225
6502
6291
5738
8549
9290
1358
1699
7016
4399
3647
7739
2612
9789
4583
7938
3
1652
4598
8419
2314
4630
6336
6141
6515
9233
2922
8148
3977
6181
2349
7192
6255
1482
7682
5129
1345
7585
5271
4470
1355
695
3566
6258
1956
1303
7144
8585
618
5707
7179
9453
2868
3065
5640
2199
3210
5328
8623
3807
7876
9655
441
307
6729
1831
1984
3477
5078
4720
5148
2170
7871
2894
7595
5413
7543
8443
5140
4258
5901
4694
4272
5439
8761
1652
7847
8222
6753
3811
7925
8350
7162
5287
2201
4867
6916
5333
4669
4176
9370
6647
8453
2955
2255
2236
4603
4818
9107
7484
1264
6127
8152
4502
1596
6774
190
785
5695
6133
7247
2673
8379
9660
6814
4243
5801
3576
8920
7381
7335
5660
352
4181
5699
4946
5549
9091
5116
4860
2934
1436
2684
3294
1035
3374
3162
5705
7181
7839
6780
4819
5628
3749
7409
5463
179
8444
2396
668
8316
4096
7275
5393
9814
9355
473
9151
123
5193
8705
4935
9798
3492
2446
6248
5420
8560
5572
5783
6197
82
555
2317
7761
3402
1517
5187
628
4888
3158
5374
8405
6811
9827
8485
5075
5851
9201
8383
313
5671
8172
9177
202
2839
6376
4878
8525
3573
18
6548
4012
2991
7892
7796
3352
9848
7737
4593
506
1257
5147
7140
2122
7286
6053
592
414
3456
5003
4812
5887
3853
2147
6910
1081
419
4528
4912
7868
6687
3641
9617
385
1473
8571
6305
3236
2019
2747
7918
794
414
5609
5058
9502
7699
7799
894
5199
4184
165
5500
8610
9570
4889
919
844
9676
7472
9696
5424
8613
2046
9073
9967