1168
3789
4520
294
4060
2748
2101
3904
4399
4089
2997
2703
1365
2834
3350
4970
564
1943
3659
2410
2759
2432
1931
4839
2499
132
3477
1262
2070
6
1537
4815
1102
3361
3108
3157
479
234
3527
27
2361
4985
1848
3163
3932
1104
1190
1674
2260
97
2488
4286
1998
3064
4209
4063
1948
3990
4762
3253
1271
691
3483
3410
295
329
2935
3966
3185
448
4423
1841
4192
2939
992
4653
2294
358
1853
1145
4606
2914
3038
8
1798
2479
3458
1788
3760
3899
3670
3049
1852
4355
3140
87
4980
1650
1262
2187
2939
2501
937
3543
1868
4841
2540
1660
44
988
4696
2010
2352
1722
2649
3730
2443
1610
3863
1607
4188
2793
4366
2290
4549
740
4580
2575
1786
4323
3247
4967
1339
2006
686
3499
4551
865
3231
158
3576
1387
1148
479
4483
48
785
4842
4357
4324
888
1402
191
4998
2224
2408
4799
757
228
3033
3761
1978
3278
2221
935
3351
3479
12
3956
2946
1997
4577
3828
3873
1074
4803
2602
1897
188
3888
1423
2594
3276
592
3745
4702
1374
2541
702
3017
2264
1209
1713
3103
467
3942
4408
4592
3743
2024
1577
3694
689
2820
4506
990
4005
4137
490
4067
2285
2885
3225
3051
2966
3335
3384
229
903
4451
4319
3614
613
652
3045
3154
4934
4678
761
3576
3759
4946
1105
1911
2676
4620
3531
796
2641
1432
1511
1975
1693
4443
3437
2513
45
407
1655
3457
3690
3801
4835
2685
3839
821
4725
731
2941
2692
2012
2419
1988
3902
2145
3013
3060
286
1783
1519
517
1009
3993
1722
710
483
4305
1339
1858
1075
2405
2253
1011
1280
1366
100
1305
1409
3129
3517
3050
41
3744
1514
1733
406
2868
1905
4196
2382
1600
491
4971
60
3280
4581
607
3192
1901
4424
3301
3685
2075
3729
166
1030
1457
4292
1967
3797
3283
2218
2415
75
1536
4593
1290
4296
1089
640
2642
1238
1268
1146
2227
2656
1087
523
850
1565
60
3463
2576
2212
1595
4903
1609
2280
773
707
1624
57
4759
3211
4498
3999
4548
2786
4878
3202
2866
3515
252
2159
343
806
4487
1573
2219
4496
3889
967
287
4119
2642
609
2211
2793
3197
3605
2251
677
3589
4719
682
4502
3183
1988
1628
398
4591
1042
910
3803
3562
2747
4248
2052
1105
3480
4366
2722
4085
1077
3384
4037
3644
3838
3149
4524
1395
4940
2672
2558
4945
4785
865
2571
1908
865
2889
1646
4747
2336
2944
948
2996
3512
3136
2557
2484
1734
2852
4065
4274
1954
1205
4725
3902
328
69
87
3768
2676
3639
1712
2983
293
3302
3093
4151
3828
3442
4569
4549
4194
3689
1348
4112
3271
3373
2762
4995
48
369
649
795
468
127
4484
4760
3888
2002
106
2430
1058
3630
1003
275
55
3599
1400
3325
946
2681
1894
3392
4119
4007
2369
1873
3615
562
4740
521
2012
1179
3282
929
3069
1743
4829
1495
1805
4075
695
114
2260
141
690
3752
4387
4753
4068
2707
260
4114
74
2093
2192
1486
3426
2327
228
589
860
303
3722
4633
1567
634
2693
2705
4539
3432
2388
3082
4512
4310
197
3993
28
1633
1803
4642
1089
4470
3886
3561
2294
1202
1761
2350
565
168
4969
781
4363
56
27
287
2832
4558
3402
3264
114
4347
4659
4863
3125
2308
4769
122
231
3712
888
3778
4423
4351
1472
3083
4100
2809
4022
391
2266
1101
4018
375
773
3694
4989
4783
109
2427
1448
2295
2204
1519
3615
4779
2000
2491
2668
2917
1846
4471
4331
1979
3441
4533
1908
1418
918
3930
3871
1688
3240
47
610
3544
2721
2628
3507
4061
4388
3585
1896
4642
2510
1124
696
1714
4813
472
3886
3534
364
3545
3509
2729
4845
4566
249
144
1263
2029
1329
1073
2477
4907
1637
2450
3149
477
2937
3110
495
1505
3147
1840
1429
118
334
1151
2780
1538
658
1641
4803
742
4972
2925
3401
60
178
1977
2399
909
4405
4695
1964
3108
4906
4402
4855
1417
4068
1505
4325
2883
3668
3454
2175
984
3043
1003
3338
552
3288
1335
4666
133
2644
1772
958
3407
2473
3074
970
3153
1070
4300
3910
894
689
2801
4581
390
3380
1358
3407
3762
3954
2298
888
3038
912
1936
3782
3109
1768
4913
1157
2389
412
714
1124
4268
3385
4699
4982
3003
1334
963
4144
1373
1772
4958
1857
4754
2948
611
2383
3889
1764
4785
1071
2680
3671
1048
2748
987
2295
4449
1993
4221
3360
3293
4763
3193
2066
4633
3087
2503
186
3527
4703
4770
1811
128
1576
268
3592
990
2384
440
3887
2413
725
3033
1830
4464
177
3188
436
745
3141
3777
2139
1297
929
1948
2861
4068
2962
2518
4296
3915
945
4394
3814
2152
1342
1191
177
768
2849
2079
4099
4973
1779
1007
1082
4856
4921
1977
2117
2272
1136
31
3726
3468
260
3020
4004
918
729
4724
4033
308
3662
1879
4230
3827
3021
4668
4694
2622
4957
3508
2856
3720
105
3686
1374
2860
2836
1881
769
2066
705
2073
4633
3686
4926
4760
1195
1728
3203
4074
4127
395
110
2451
3777
1253
2440
2582
3576
1203
1819
4209
4696
1144
17
834
2610
1221
749
4436
338
4230
562
2026
3312
996
1520
4097
254
469
2907
1544
2866
1544
4224
2610
1768
4310
3643
4517
1383
4662
3843
4071
3915
3678
4577
2476
1491
2110
1384
3389
4724
1325
3606
2521
895
1478
4899
2248
2648
194
2647
2790
471
2958
3120
69
1652
1229
3635
4942
1215
4693
4768
543
845
1830
3244
1620
2413
4738
2619
2970
477
2624
450
4045
2953
350
4293
2372
2283
1240
970
3829
4389
770
3597
4768
4459
511
3424
3487
2376
3435
1143
4423
2660
3717
573
4421
4923
4088
4744
4269
2976
1328
2417
2826
3060
3676
3274
1537
1073
1109
498
4268
2482