3201
1999
2413
1533
4538
756
2529
518
258
3334
4102
4979
3906
1011
944
2024
1579
222
2614
883
331
1753
3172
4533
2037
3786
899
88
3480
1463
1353
396
1218
4856
2256
3228
3830
3725
4338
3373
305
4588
847
791
3904
1985
3549
279
1631
2856
968
2451
4996
1598
4692
1869
1148
2509
2893
1135
2173
2945
4814
2979
494
333
1549
1495
4047
3854
4540
2701
3118
4860
4315
783
3441
118
2455
3121
3761
525
2951
552
591
4812
895
1694
759
2087
1029
1086
2639
4677
300
3573
383
3898
4091
465
4655
4181
3369
1928
4625
2283
1740
2435
869
311
4566
981
395
1398
4936
2427
3580
4508
140
2205
457
1098
2124
4467
4315
2842
910
579
3796
1024
4500
3833
1465
3620
2370
2876
3071
109
2339
1803
4644
3877
4929
2572
2395
3677
4032
116
4535
4195
931
4367
4492
178
3148
1875
4798
3571
1396
207
1246
1620
1491
3710
623
4716
3304
2919
4504
481
2732
4926
859
4062
2390
4740
434
72
587
2371
2755
243
881
1366
93
1504
4235
254
450
3446
4177
2404
1108
402
3269
4688
4201
2008
4358
1845
4719
1473
1071
63
145
1760
4989
27
2938
2738
3357
1869
2167
4854
2710
3452
473
1272
438
4927
2017
2382
1428
2825
934
297
4590
2702
2320
4546
1932
1377
4434
4457
4286
3291
1833
1514
3459
2811
3428
4644
1269
4212
3966
4246
2489
100
1025
4301
675
412
1088
1281
1546
2709
3295
511
1878
647
2904
2246
701
4061
1256
2557
982
2735
2666
1738
2107
1292
2906
4926
2830
1603
3688
1093
610
3410
2117
3800
2704
1630
3200
4926
4113
2754
953
283
3360
2279
3837
2971
2583
1428
2699
2023
3424
3492
4593
2915
3921
2268
3168
4757
1869
2434
1662
1324
2179
3594
2280
1789
805
3206
3671
3955
2976
4929
469
291
995
1764
75
3459
3207
1404
4247
3658
4569
5
140
2176
2966
3184
4878
4594
3291
3368
3395
4979
2029
2165
486
2553
1432
4564
944
449
3518
2692
3019
1565
657
4287
4124
3090
2498
2914
9
2597
3208
283
883
3230
1706
1166
3092
2922
3472
4409
4172
4528
2192
4903
4516
1944
4788
1628
1212
538
104
2737
2327
77
11
3985
3483
860
4641
2591
4708
888
4620
4176
4636
1989
3139
4956
4967
1076
2685
145
1935
2214
2306
2241
1054
4727
1059
3808
2465
1345
304
3983
896
1473
4439
4087
3701
3728
2882
4147
4765
1133
2416
1832
3233
1740
848
1240
831
1309
4712
4596
649
2465
2512
2192
236
431
3490
3081
2967
2075
3066
59
551
1230
3114
4458
1788
2874
3698
3233
4126
128
3805
1381
3229
160
808
4721
3885
2184
3613
1800
3396
2364
651
770
3811
2397
938
2196
2665
4048
1076
2803
4224
3230
643
4746
1038
3938
718
3623
3087
1646
650
1241
1223
2184
2760
350
2481
887
2224
3722
825
2608
2068
3901
2516
4869
4746
681
1696
1040
3982
1400
4728
1954
3295
643
1721
673
288
4967
184
3290
19
1290
4675
2068
521
640
1773
1933
2754
1144
759
3698
2975
1897
4501
4274
3119
2551
3514
91
767
253
4641
1302
1328
3165
1088
3817
1686
2086
514
4289
3677
2818
597
3904
1933
1354
4232
2281
2191
994
1612
2780
698
3423
885
67
1318
195
3283
4548
1236
2765
1410
773
3921
2015
1365
693
2997
3222
3191
4327
2275
1341
3948
215
56
2507
4623
4106
3526
2805
3012
3383
778
385
2509
1732
3651
3827
3973
2523
1354
2816
3405
3606
4256
3057
4659
4087
3011
1653
4087
4202
3597
2636
2030
231
136
4558
644
4428
2611
2668
1634
278
3565
912
4406
158
2962
2337
2904
3073
1900
4405
1072
1272
3898
3219
1292
266
3295
303
938
1620
4101
4449
4831
81
177
4046
1632
3848
4636
2607
451
49
3019
3482
2813
3586
1713
2026
2373
3583
4692
2800
418
4189
4378
1941
195
4284
2825
121
3670
544
1026
3340
4920
4458
4476
0
4783
4061
1948
3728
3624
2637
4517
2412
3681
2464
4440
4439
1799
2576
1147
1346
2315
3251
4422
3970
1357
4738
2835
4743
1265
578
765
4137
213
855
4012
829
1738
4877
962
2855
4140
3825
1350
527
3478
2312
1933
773
403
66
3442
123
3126
415
4227
4853
1057
4104
2383
2178
842
3359
2056
4371
1269
206
1645
2170
1682
3511
3641
4157
2416
3857
354
3992
3719
3435
4287
1571
1180
4655
4717
2625
4304
2615
2274
2491
2181
1330
1271
2340
3200
2660
575
821
3628
2835
4682
2899
2201
4330
864
384
2665
4327
3235
4865
3389
509
57
4037
4960
2057
2835
3278
3091
4399
1228
322
3381
3177
163
203
3206
382
4941
2395
4240
4633
162
2850
2104
971
857
832
4981
3476
2621
3754
4923
2328
1771
2055
3648
1907
2320
4584
2239
4076
4032
853
2605
2015
483
824
272
1157
298
421
3608
2765
3955
1085
1465
1510
3903
2358
1559
2868
919
2986
3509
2020
228
3892
1654
1838
1827
165
2423
4531
2314
2183
3613
1913
3346
4131
2415
1800
4482
1035
3410
3410
1884
286
3372
1682
4590
1876
2493
4516
2384
3571
175
1685
4602
3128
1693
1883
4051
207
4789
400
526
92
2579
668
2109
871
3571
4018
724
1718
4467
4706
4214
2139
455
4694
2364
2005
4046
3331
1942
1031
4204
3924
784
3303
2945
3626
4173
2673
740
506
1815
139
548
279
2597
2849
902
1480
3916
4368
3006
2159
2888
3747
4611
1033
3153
2885
4927
1295
3154
26
754
824
3523
1460
2105
1435
1466
862
4018
2358
1335
3672
2231
4422
4070
501
564
4401
926
4834
3336
623
416
2806
4057
4880
2389
3686
3580
2356
889
3419
2659
647
1554
4368
2079
914
686
4017
3368
1633
4884
2138
1236
1994
2787
2133