0
5
9
11
19
26
27
49
56
57
59
63
66
67
72
75
77
81
88
91
92
93
100
104
109
116
118
121
123
128
136
139
140
140
145
145
158
160
162
163
165
175
177
178
184
195
195
203
206
207
207
213
215
222
228
231
236
243
253
254
258
266
272
278
279
279
283
283
286
288
291
297
298
300
303
304
305
311
322
331
333
350
354
382
383
384
385
395
396
400
402
403
412
415
416
418
421
431
434
438
449
450
451
455
457
465
469
473
481
483
486
494
501
506
509
511
514
518
521
525
526
527
538
544
548
551
552
564
575
578
579
587
591
597
610
623
623
640
643
643
644
647
647
649
650
651
657
668
673
675
681
686
693
698
701
718
724
740
754
756
759
759
765
767
770
773
773
778
783
784
791
805
808
821
824
824
825
829
831
832
842
847
848
853
855
857
859
860
862
864
869
871
881
883
883
885
887
888
889
895
896
899
902
910
912
914
919
926
931
934
938
938
944
944
953
962
968
971
981
982
994
995
1011
1024
1025
1026
1029
1031
1033
1035
1038
1040
1054
1057
1059
1071
1072
1076
1076
1085
1086
1088
1088
1093
1098
1108
1133
1135
1144
1147
1148
1157
1166
1180
1212
1218
1223
1228
1230
1236
1236
1240
1241
1246
1256
1265
1269
1269
1271
1272
1272
1281
1290
1292
1292
1295
1302
1309
1318
1324
1328
1330
1335
1341
1345
1346
1350
1353
1354
1354
1357
1365
1366
1377
1381
1396
1398
1400
1404
1410
1428
1428
1432
1435
1460
1463
1465
1465
1466
1473
1473
1480
1491
1495
1504
1510
1514
1533
1546
1549
1554
1559
1565
1571
1579
1598
1603
1612
1620
1620
1628
1630
1631
1632
1633
1634
1645
1646
1653
1654
1662
1682
1682
1685
1686
1693
1694
1696
1706
1713
1718
1721
1732
1738
1738
1740
1740
1753
1760
1764
1771
1773
1788
1789
1799
1800
1800
1803
1815
1827
1832
1833
1838
1845
1869
1869
1869
1875
1876
1878
1883
1884
1897
1900
1907
1913
1928
1932
1933
1933
1933
1935
1941
1942
1944
1948
1954
1985
1989
1994
1999
2005
2008
2015
2015
2017
2020
2023
2024
2026
2029
2030
2037
2055
2056
2057
2068
2068
2075
2079
2086
2087
2104
2105
2107
2109
2117
2124
2133
2138
2139
2159
2165
2167
2170
2173
2176
2178
2179
2181
2183
2184
2184
2191
2192
2192
2196
2201
2205
2214
2224
2231
2239
2241
2246
2256
2268
2274
2275
2279
2280
2281
2283
2306
2312
2314
2315
2320
2320
2327
2328
2337
2339
2340
2356
2358
2358
2364
2364
2370
2371
2373
2382
2383
2384
2389
2390
2395
2395
2397
2404
2412
2413
2415
2416
2416
2423
2427
2434
2435
2451
2455
2464
2465
2465
2481
2489
2491
2493
2498
2507
2509
2509
2512
2516
2523
2529
2551
2553
2557
2572
2576
2579
2583
2591
2597
2597
2605
2607
2608
2611
2614
2615
2621
2625
2636
2637
2639
2659
2660
2665
2665
2666
2668
2673
2685
2692
2699
2701
2702
2704
2709
2710
2732
2735
2737
2738
2754
2754
2755
2760
2765
2765
2780
2787
2800
2803
2805
2806
2811
2813
2816
2818
2825
2825
2830
2835
2835
2835
2842
2849
2850
2855
2856
2868
2874
2876
2882
2885
2888
2893
2899
2904
2904
2906
2914
2915
2919
2922
2938
2945
2945
2951
2962
2966
2967
2971
2975
2976
2979
2986
2997
3006
3011
3012
3019
3019
3057
3066
3071
3073
3081
3087
3090
3091
3092
3114
3118
3119
3121
3126
3128
3139
3148
3153
3154
3165
3168
3172
3177
3184
3191
3200
3200
3201
3206
3206
3207
3208
3219
3222
3228
3229
3230
3230
3233
3233
3235
3251
3269
3278
3283
3290
3291
3291
3295
3295
3295
3303
3304
3331
3334
3336
3340
3346
3357
3359
3360
3368
3368
3369
3372
3373
3381
3383
3389
3395
3396
3405
3410
3410
3410
3419
3423
3424
3428
3435
3441
3442
3446
3452
3459
3459
3472
3476
3478
3480
3482
3483
3490
3492
3509
3511
3514
3518
3523
3526
3549
3565
3571
3571
3571
3573
3580
3580
3583
3586
3594
3597
3606
3608
3613
3613
3620
3623
3624
3626
3628
3641
3648
3651
3658
3670
3671
3672
3677
3677
3681
3686
3688
3698
3698
3701
3710
3719
3722
3725
3728
3728
3747
3754
3761
3786
3796
3800
3805
3808
3811
3817
3825
3827
3830
3833
3837
3848
3854
3857
3877
3885
3892
3898
3898
3901
3903
3904
3904
3906
3916
3921
3921
3924
3938
3948
3955
3955
3966
3970
3973
3982
3983
3985
3992
4012
4017
4018
4018
4032
4032
4037
4046
4046
4047
4048
4051
4057
4061
4061
4062
4070
4076
4087
4087
4087
4091
4101
4102
4104
4106
4113
4124
4126
4131
4137
4140
4147
4157
4172
4173
4176
4177
4181
4189
4195
4201
4202
4204
4212
4214
4224
4227
4232
4235
4240
4246
4247
4256
4274
4284
4286
4287
4287
4289
4301
4304
4315
4315
4327
4327
4330
4338
4358
4367
4368
4368
4371
4378
4399
4401
4405
4406
4409
4422
4422
4428
4434
4439
4439
4440
4449
4457
4458
4458
4467
4467
4476
4482
4492
4500
4501
4504
4508
4516
4516
4517
4528
4531
4533
4535
4538
4540
4546
4548
4558
4564
4566
4569
4584
4588
4590
4590
4593
4594
4596
4602
4611
4620
4623
4625
4633
4636
4636
4641
4641
4644
4644
4655
4655
4659
4675
4677
4682
4688
4692
4692
4694
4706
4708
4712
4716
4717
4719
4721
4727
4728
4738
4740
4743
4746
4746
4757
4765
4783
4788
4789
4798
4812
4814
4831
4834
4853
4854
4856
4860
4865
4869
4877
4878
4880
4884
4903
4920
4923
4926
4926
4926
4927
4927
4929
4929
4936
4941
4956
4960
4967
4967
4979
4979
4981
4989
4996